每幅图像的标定误差:
第1幅图像的平均误差：0.139779
第2幅图像的平均误差：0.18301
第3幅图像的平均误差：0.157875
第4幅图像的平均误差：0.109201
第5幅图像的平均误差：0.174401
第6幅图像的平均误差：0.111929
第7幅图像的平均误差：0.116986
第8幅图像的平均误差：0.157396
第9幅图像的平均误差：0.140522
第10幅图像的平均误差：0.110935
第11幅图像的平均误差：0.167719
第12幅图像的平均误差：0.158421
第13幅图像的平均误差：0.149366
第14幅图像的平均误差：0.162682
总体平均误差：0.14573像素
相机的内参数矩阵:
[1588.329130302894, 0, 652.7590102448778;
  0, 1588.404148072624, 331.2266331099892;
  0, 0, 1]

相机的畸变系数:
[0.1376565874651508, -2.655138806704211, -0.003554388832116622, -0.001653488221462043, 13.24251110786732]


第1幅图像的旋转向量：
[-60.19347768721163;
  -25.74212442006725;
  415.5009295363082]
第1幅图像的旋转矩阵：
[0.9417573465391597, 0.3360651102558276, 0.01238312998638052;
  -0.3350236152649352, 0.9407623701399659, -0.05220479042622763;
  -0.0291937913662112, 0.04501560393210422, 0.9985596216292215]
第1幅图像的平移向量：
[1.983337704613274;
  2.10420212929776;
  -0.3954874070501965]
第2幅图像的旋转向量：
[-52.12582184321471;
  -36.90582765425814;
  346.5389713691246]
第2幅图像的旋转矩阵：
[0.872170176614569, -0.4840552765205083, -0.07077903854084118;
  0.488104836965131, 0.8707439487021561, 0.05965437058439154;
  0.03275440665550963, -0.08657635399594571, 0.9957066253537807]
第2幅图像的平移向量：
[-2.117403938198204;
  -2.216566784643529;
  -0.1935083694377165]
第3幅图像的旋转向量：
[-57.06302515674591;
  -32.27718290883121;
  329.2300324249096]
第3幅图像的旋转矩阵：
[-0.8427797202310575, -0.4012856712318441, -0.3587368857969148;
  0.4633155089996007, -0.8800678735319129, -0.1040157540830141;
  -0.2739727765448628, -0.2538707309656343, 0.9276252312605956]
第3幅图像的平移向量：
[2.089992892929227;
  2.129275888035441;
  0.4459236274560228]
第4幅图像的旋转向量：
[-59.40898654110642;
  -37.6268710729418;
  335.6429277645369]
第4幅图像的旋转矩阵：
[-0.8226322090584899, 0.5023600944945573, -0.2662904130436703;
  -0.4309268468154891, -0.8564038727099738, -0.2843843517161575;
  -0.37091549079704, -0.1191920394438261, 0.9209858611401224]
第4幅图像的平移向量：
[-2.023196828483179;
  -2.218241561751293;
  0.005475340836730448]
第5幅图像的旋转向量：
[-50.27185481849153;
  -26.05104568278451;
  299.6238990136799]
第5幅图像的旋转矩阵：
[-0.9276914314459166, 0.215785093206214, -0.304672613754193;
  -0.1599645645809721, -0.9670879090332116, -0.1978694374586196;
  -0.3373424759798953, -0.1348249596764489, 0.9316771351428549]
第5幅图像的平移向量：
[-2.095509069203789;
  -2.200692122386547;
  -0.2850301820699544]
第6幅图像的旋转向量：
[-45.88851601867835;
  7.10933974025711;
  422.3913507531155]
第6幅图像的旋转矩阵：
[-0.6617609853973043, 0.7245193943852392, -0.1927279049998598;
  -0.7305948491247895, -0.6808979207944255, -0.05108021035738099;
  -0.1682366328666704, 0.1070031243351073, 0.9799218166487622]
第6幅图像的平移向量：
[1.694696317147554;
  1.75995805543739;
  -0.6736278236717445]
第7幅图像的旋转向量：
[-48.39449690787196;
  -16.99411487643846;
  388.4201046647925]
第7幅图像的旋转矩阵：
[-0.5914238283141813, -0.7722450507559642, -0.2320677420175332;
  0.7895622014131754, -0.6130405066291439, 0.02780049156872883;
  -0.1637357181612438, -0.1667900441117547, 0.9723022656475818]
第7幅图像的平移向量：
[-2.146260366042325;
  -2.253799466682072;
  -0.0760038422126761]
第8幅图像的旋转向量：
[-46.03428661144377;
  -20.46374897344886;
  381.1002129158418]
第8幅图像的旋转矩阵：
[0.4248558627448177, -0.8975807325246898, -0.1176704061852338;
  0.9050202457690291, 0.4181416270268566, 0.07807646569549345;
  -0.02087703617669504, -0.1396653441186268, 0.9899786568470568]
第8幅图像的平移向量：
[-2.172963787861373;
  -2.233272484903783;
  -0.2231173819913966]
第9幅图像的旋转向量：
[33.13787530067147;
  -14.44857211338862;
  359.3696500316187]
第9幅图像的旋转矩阵：
[-0.9782318589208211, -0.106443514837746, 0.1781353652178628;
  0.09179908299904399, -0.9918328117725044, -0.08854717303213336;
  0.1861057724866412, -0.0702670025007078, 0.9800138722521816]
第9幅图像的平移向量：
[-0.1633146015749897;
  -3.006947419455221;
  -0.1105726891070517]
第10幅图像的旋转向量：
[-36.30943047018852;
  -26.37435916849708;
  342.5157853374014]
第10幅图像的旋转矩阵：
[0.9914054065555686, 0.1305059952007995, 0.009138110802381595;
  -0.1303665100262851, 0.9913600517891923, -0.01448519175214732;
  -0.01094956236359279, 0.013169393804533, 0.999853326318849]
第10幅图像的平移向量：
[-1.976045191097719;
  -2.15564079163671;
  -0.07353716324695923]
第11幅图像的旋转向量：
[-40.5979496341225;
  -35.65304468313653;
  342.4659799769146]
第11幅图像的旋转矩阵：
[0.4373615962620495, -0.8851452413988215, -0.1588481531026857;
  0.8988838756328559, 0.4355721597222367, 0.04779824057601754;
  0.02688144792172736, -0.1636911582949079, 0.9861453201499781]
第11幅图像的平移向量：
[-1.964809309364368;
  -2.152906995760785;
  -0.1241960211149981]
第12幅图像的旋转向量：
[-39.17168054975898;
  -5.011330992552001;
  334.0532853599427]
第12幅图像的旋转矩阵：
[-0.947119191082458, 0.2288890531590339, -0.2248889486552671;
  -0.2220401881757717, -0.9734485895440229, -0.05564169614255365;
  -0.2316536050187397, -0.002764933762924388, 0.9727944091241012]
第12幅图像的平移向量：
[-2.071201723691404;
  -2.145060833101283;
  -0.3250304463580043]
第13幅图像的旋转向量：
[-48.16565080510468;
  -16.06541822969567;
  362.8180662691288]
第13幅图像的旋转矩阵：
[-0.3271320111433608, -0.9197474498500763, -0.2169084502263143;
  0.9353194752192303, -0.3478782305922021, 0.06448423028665484;
  -0.1347669342269228, -0.1817838418955878, 0.9740598073346194]
第13幅图像的平移向量：
[-2.143611924159823;
  -2.206365538462494;
  -0.1671168087456683]
第14幅图像的旋转向量：
[-33.8503929790888;
  -23.98497131919185;
  338.203411280927]
第14幅图像的旋转矩阵：
[0.1327008305384011, -0.9787674950635906, -0.1562199736953083;
  0.9910183692374001, 0.1283961265465852, 0.03737681797421283;
  -0.01652517499038107, -0.1597767983618946, 0.9870148394511401]
第14幅图像的平移向量：
[-2.055766876478357;
  -2.16156768738767;
  -0.2235660567234672]

